000000
000001
000003
000005
000006
000007
000008
000009
000010
000011
000013
000014
000015
000016
000017
000020
000021
000022
000023
000024
000026
000028
000030
000032
000033
000034
000036
000037
000040
000042
000043
000044
000045
000046
000047
000051
000053
000054
000055
000057
000058
000059
000060
000061
000065
000066
000067
000068
000070
000071
000072
000073
000074
000075
000076
000077
000078
000079
000080
000081
000082
000085
000087
000088
000089
000092
000093
000094
000097
000100
000101
000102
000103
000104
000105
000106
000107
000109
000110
000111
000112
000113
000114
000115
000116
000118
000119
000120
000121
000122
000123
000124
000126
000127
000128
000129
000130
000132
000133
000135
000136
000139
000140
000142
000144
000145
000146
000147
000148
000149
000150
000151
000152
000154
000157
000158
000159
000160
000161
000164
000165
000167
000169
000170
000171
000173
000176
000179
000180
000182
000183
000185
000186
000190
000191
000192
000193
000195
000196
000199
000200
000201
000203
000204
000205
000206
000208
000209
000210
000211
000213
000214
000215
000216
000217
000218
000219
000220
000221
000223
000224
000225
000227
000228
000229
000230
000231
000233
000234
000235
000236
000239
000240
000241
000242
000243
000244
000245
000248
000249
000250
000254
000255
000256
000257
000258
000259
000260
000261
000263
000265
000268
000270
000272
000273
000274
000275
000276
000277
000279
000280
000281
000282
000284
000285
000287
000288
000289
000291
000292
000293
000295
000296
000297
000300
000301
000302
000303
000305
000306
000307
000308
000310
000311
000312
000313
000314
000316
000317
000318
000319
000321
000323
000324
000327
000328
000329
000330
000331
000332
000334
000335
000336
000338
000339
000341
000342
000343
000345
000346
000347
000349
000351
000352
000355
000356
000358
000359
000360
000361
000362
000363
000364
000366
000367
000369
000370
000371
000372
000373
000374
000375
000376
000377
000378
000379
000381
000383
000386
000387
000388
000389
000391
000392
000393
000394
000396
000397
000398
000399
000400
000402
000403
000404
000405
000406
000409
000412
000413
000415
000416
000417
000418
000419
000420
000422
000423
000424
000429
000430
000431
000433
000434
000437
000438
000439
000440
000441
000442
000445
000446
000447
000448
000452
000455
000457
000458
000459
000460
000461
000462
000463
000464
000465
000466
000467
000468
000470
000472
000474
000476
000477
000479
000481
000483
000485
000486
000489
000490
000491
000492
000493
000494
000495
000496
000499
000500
000501
000502
000504
000509
000511
000512
000513
000516
000517
000520
000522
000523
000525
000527
000528
000530
000531
000532
000534
000535
000536
000537
000539
000541
000542
000543
000545
000546
000547
000548
000549
000550
000551
000552
000554
000556
000557
000558
000559
000561
000562
000563
000564
000566
000567
000568
000569
000571
000573
000574
000575
000576
000577
000578
000579
000581
000582
000583
000584
000586
000587
000588
000591
000592
000594
000596
000598
000600
000601
000602
000603
000604
000606
000607
000609
000610
000611
000612
000613
000614
000618
000619
000620
000622
000624
000626
000628
000630
000632
000633
000637
000638
000640
000641
000644
000645
000647
000648
000650
000652
000653
000654
000655
000656
000658
000659
000660
000661
000664
000665
000666
000667
000668
000669
000670
000671
000674
000675
000677
000678
000679
000680
000681
000682
000683
000684
000685
000686
000687
000690
000692
000693
000694
000697
000698
000699
000700
000702
000703
000704
000705
000707
000709
000710
000711
000712
000713
000714
000716
000717
000721
000722
000723
000725
000726
000727
000728
000730
000733
000734
000735
000737
000738
000739
000741
000742
000743
000744
000745
000747
000749
000753
000754
000755
000756
000757
000758
000759
000760
000761
000762
000763
000765
000766
000767
000768
000769
000770
000773
000774
000775
000776
000777
000778
000781
000782
000783
000784
000786
000793
000794
000797
000798
000799
000800
000801
000802
000803
000804
000805
000808
000809
000811
000813
000816
000817
000818
000820
000821
000824
000825
000826
000828
000829
000830
000832
000833
000835
000836
000837
000839
000840
000841
000843
000844
000846
000850
000851
000852
000854
000855
000857
000858
000859
000861
000862
000864
000866
000867
000870
000872
000873
000874
000876
000878
000879
000880
000882
000883
000884
000885
000887
000889
000890
000892
000893
000894
000895
000896
000897
000898
000899
000901
000904
000905
000907
000908
000910
000913
000916
000918
000920
000921
000922
000923
000924
000925
000926
000927
000928
000929
000930
000932
000934
000935
000936
000937
000939
000940
000941
000943
000944
000947
000948
000949
000950
000951
000953
000954
000955
000956
000957
000958
000959
000960
000961
000963
000964
000965
000966
000968
000969
000971
000972
000973
000974
000976
000977
000978
000979
000981
000982
000983
000987
000988
000989
000994
000995
000997
000999
001000
001001
001002
001004
001005
001006
001007
001008
001009
001010
001011
001012
001013
001014
001015
001016
001019
001020
001021
001022
001024
001027
001028
001029
001030
001031
001032
001033
001034
001035
001038
001039
001040
001042
001043
001044
001045
001046
001047
001049
001050
001051
001052
001053
001055
001056
001058
001060
001061
001063
001064
001065
001066
001068
001069
001070
001071
001073
001075
001076
001077
001078
001079
001080
001081
001082
001083
001084
001085
001087
001088
001089
001090
001091
001092
001093
001094
001095
001096
001097
001098
001100
001101
001102
001103
001104
001105
001106
001110
001111
001113
001114
001115
001116
001117
001118
001119
001120
001121
001126
001127
001128
001131
001132
001134
001135
001136
001137
001139
001140
001142
001144
001145
001147
001148
001151
001153
001154
001155
001156
001157
001158
001160
001161
001162
001163
001164
001166
001167
001168
001169
001170
001171
001172
001173
001174
001175
001176
001177
001178
001179
001180
001182
001184
001185
001186
001187
001189
001190
001192
001196
001197
001198
001199
001201
001203
001204
001206
001207
001208
001209
001213
001214
001215
001216
001217
001218
001220
001221
001222
001223
001226
001227
001230
001231
001232
001233
001234
001236
001237
001238
001240
001241
001242
001244
001245
001246
001247
001248
001249
001250
001251
001253
001254
001255
001256
001257
001260
001262
001263
001264
001265
001266
001267
001268
001271
001273
001275
001276
001277
001278
001279
001280
001281
001282
001283
001284
001286
001288
001289
001290
001291
001292
001293
001294
001295
001296
001297
001298
001299
001300
001301
001302
001303
001304
001305
001306
001307
001308
001309
001310
001311
001313
001314
001315
001317
001318
001319
001322
001324
001325
001326
001327
001328
001330
001331
001332
001334
001335
001336
001337
001339
001340
001341
001342
001343
001344
001345
001346
001348
001349
001350
001351
001352
001353
001354
001357
001358
001359
001360
001361
001362
001365
001366
001368
001369
001370
001371
001373
001374
001375
001379
001380
001382
001383
001384
001385
001388
001389
001390
001393
001394
001396
001398
001399
001400
001401
001402
001403
001404
001405
001406
001410
001411
001412
001414
001415
001417
001419
001420
001421
001422
001423
001424
001425
001426
001429
001430
001431
001432
001433
001434
001436
001437
001438
001440
001443
001444
001445
001446
001450
001451
001452
001453
001454
001455
001456
001457
001458
001460
001464
001466
001467
001469
001470
001472
001473
001474
001476
001477
001480
001481
001482
001485
001486
001488
001489
001490
001491
001492
001493
001494
001495
001496
001497
001498
001499
001500
001501
001502
001503
001504
001505
001507
001508
001509
001510
001511
001512
001515
001516
001517
001518
001520
001521
001524
001526
001527
001529
001532
001534
001536
001538
001540
001542
001543
001544
001545
001546
001547
001548
001550
001551
001552
001554
001559
001564
001565
001567
001568
001569
001570
001571
001573
001575
001576
001577
001578
001579
001580
001581
001582
001583
001584
001585
001586
001588
001591
001592
001593
001594
001595
001596
001597
001598
001599
001600
001601
001602
001603
001604
001606
001607
001608
001609
001610
001611
001613
001614
001615
001617
001618
001619
001620
001623
001624
001626
001627
001628
001629
001630
001632
001634
001635
001636
001637
001639
001640
001642
001643
001648
001649
001651
001652
001653
001655
001656
001657
001658
001659
001660
001661
001662
001663
001664
001665
001667
001670
001671
001672
001673
001674
001677
001678
001679
001680
001682
001683
001684
001686
001687
001688
001689
001690
001691
001696
001697
001701
001703
001705
001706
001707
001708
001709
001710
001711
001712
001713
001715
001716
001717
001719
001720
001722
001723
001725
001728
001730
001732
001733
001734
001735
001736
001738
001739
001743
001745
001746
001747
001751
001753
001754
001759
001760
001762
001763
001765
001766
001767
001768
001769
001771
001772
001773
001774
001775
001776
001777
001778
001779
001781
001784
001785
001786
001787
001789
001791
001792
001793
001794
001795
001796
001798
001799
001802
001803
001804
001806
001807
001810
001811
001814
001815
001816
001818
001822
001824
001827
001829
001832
001833
001834
001835
001836
001837
001839
001840
001841
001842
001843
001844
001845
001846
001848
001849
001850
001851
001853
001854
001855
001856
001857
001860
001861
001863
001866
001867
001868
001869
001870
001871
001872
001873
001874
001875
001878
001879
001881
001883
001884
001885
001886
001887
001888
001893
001894
001896
001897
001899
001903
001904
001905
001906
001910
001912
001913
001916
001917
001918
001919
001920
001922
001923
001924
001925
001929
001930
001931
001932
001934
001935
001937
001939
001943
001948
001949
001950
001951
001952
001953
001955
001956
001957
001958
001964
001965
001967
001969
001970
001971
001973
001974
001975
001976
001977
001980
001981
001982
001985
001986
001987
001988
001995
001996
001998
001999
002001
002003
002006
002007
002008
002009
002011
002012
002013
002014
002015
002016
002017
002018
002019
002022
002023
002024
002026
002028
002029
002031
002032
002034
002036
002037
002038
002040
002042
002043
002044
002045
002046
002047
002048
002050
002051
002052
002054
002055
002057
002058
002059
002060
002065
002067
002068
002070
002071
002074
002075
002076
002078
002080
002081
002082
002083
002087
002088
002090
002091
002092
002093
002094
002096
002098
002101
002102
002104
002105
002107
002108
002109
002110
002112
002113
002114
002115
002118
002119
002122
002123
002125
002126
002127
002128
002129
002131
002134
002136
002137
002138
002139
002140
002141
002142
002144
002145
002147
002148
002150
002151
002153
002155
002156
002159
002161
002162
002163
002166
002167
002170
002171
002172
002174
002176
002177
002178
002180
002181
002182
002183
002184
002186
002187
002190
002191
002192
002193
002194
002196
002197
002199
002200
002201
002202
002203
002204
002205
002206
002207
002208
002209
002212
002213
002216
002217
002218
002220
002221
002223
002224
002225
002226
002227
002228
002230
002231
002232
002234
002235
002236
002239
002241
002244
002245
002246
002249
002250
002251
002252
002253
002256
002258
002259
002261
002262
002263
002264
002266
002267
002268
002269
002271
002272
002273
002274
002276
002279
002280
002281
002283
002284
002287
002289
002290
002291
002292
002293
002294
002295
002296
002297
002298
002299
002300
002301
002302
002304
002306
002309
002311
002312
002315
002316
002317
002319
002320
002321
002322
002326
002328
002330
002332
002333
002334
002335
002336
002340
002344
002347
002349
002350
002351
002352
002353
002354
002356
002357
002359
002361
002362
002363
002365
002366
002367
002368
002369
002371
002372
002374
002375
002377
002378
002379
002380
002381
002382
002383
002385
002386
002388
002389
002390
002391
002393
002394
002395
002397
002398
002399
002400
002401
002404
002405
002406
002407
002408
002409
002410
002411
002412
002413
002414
002415
002416
002417
002418
002419
002420
002421
002422
002423
002424
002426
002427
002428
002429
002430
002432
002433
002434
002436
002437
002438
002439
002440
002441
002442
002443
002445
002446
002447
002448
002449
002450
002451
002452
002453
002454
002455
002456
002457
002458
002459
002460
002462
002463
002464
002465
002466
002467
002468
002469
002470
002471
002472
002473
002474
002477
002478
002480
002481
002482
002483
002485
002486
002487
002488
002489
002490
002492
002493
002494
002495
002497
002498
002499
002500
002501
002502
002503
002505
002506
002507
002508
002510
002511
002512
002513
002514
002515
002516
002517
002519
002520
002522
002523
002524
002528
002529
002530
002531
002532
002534
002535
002539
002541
002543
002544
002545
002546
002547
002548
002549
002550
002551
002553
002555
002556
002557
002558
002559
002560
002561
002562
002563
002565
002567
002569
002570
002572
002574
002575
002576
002577
002580
002581
002582
002583
002586
002587
002589
002590
002592
002593
002594
002595
002596
002597
002599
002600
002601
002602
002603
002604
002606
002607
002608
002609
002610
002611
002613
002616
002617
002618
002619
002620
002621
002622
002623
002624
002625
002626
002630
002631
002632
002633
002634
002635
002636
002638
002639
002640
002644
002646
002648
002650
002651
002652
002653
002654
002655
002657
002659
002660
002664
002665
002666
002668
002669
002670
002671
002672
002673
002675
002676
002677
002678
002679
002680
002681
002682
002683
002684
002685
002686
002688
002689
002690
002694
002695
002696
002697
002698
002699
002700
002701
002702
002703
002704
002705
002707
002708
002709
002710
002712
002713
002715
002716
002718
002720
002722
002723
002727
002728
002730
002731
002734
002736
002737
002738
002740
002742
002743
002744
002745
002746
002747
002748
002751
002752
002753
002754
002755
002758
002759
002760
002762
002763
002764
002765
002767
002768
002769
002770
002771
002772
002774
002775
002779
002780
002781
002782
002783
002785
002786
002787
002788
002789
002790
002791
002792
002793
002794
002797
002799
002801
002802
002803
002804
002806
002808
002810
002811
002812
002813
002815
002817
002820
002821
002822
002823
002825
002826
002827
002828
002829
002832
002833
002835
002837
002839
002840
002841
002842
002843
002844
002845
002846
002848
002849
002851
002852
002854
002856
002858
002859
002860
002861
002862
002864
002865
002866
002867
002868
002869
002870
002871
002872
002873
002875
002876
002877
002879
002880
002881
002884
002885
002886
002887
002888
002892
002894
002897
002899
002900
002902
002904
002906
002907
002909
002910
002913
002915
002916
002918
002919
002923
002924
002927
002929
002932
002934
002935
002936
002938
002939
002940
002948
002949
002950
002951
002952
002953
002955
002957
002958
002960
002961
002962
002963
002965
002968
002969
002970
002971
002972
002974
002975
002976
002977
002978
002980
002983
002984
002985
002986
002987
002988
002990
002991
002993
002994
002995
002998
003000
003002
003004
003005
003007
003008
003011
003013
003014
003018
003019
003020
003021
003022
003023
003024
003025
003026
003027
003029
003030
003031
003032
003033
003034
003036
003039
003040
003042
003043
003047
003048
003049
003050
003052
003053
003054
003055
003056
003057
003058
003059
003060
003064
003069
003070
003071
003073
003076
003078
003079
003080
003081
003083
003084
003085
003086
003087
003088
003089
003090
003092
003095
003096
003097
003098
003099
003100
003101
003102
003103
003105
003107
003108
003110
003111
003112
003113
003115
003116
003117
003120
003121
003123
003124
003125
003126
003128
003131
003132
003133
003134
003136
003137
003139
003140
003141
003142
003143
003145
003146
003147
003149
003150
003154
003155
003156
003158
003160
003161
003162
003163
003164
003166
003167
003168
003169
003170
003171
003172
003173
003174
003177
003178
003179
003180
003182
003183
003184
003185
003186
003187
003191
003192
003193
003195
003196
003198
003199
003200
003202
003206
003208
003211
003212
003213
003215
003216
003217
003220
003221
003222
003223
003224
003225
003226
003227
003228
003230
003231
003232
003234
003235
003236
003237
003238
003239
003240
003243
003245
003247
003248
003249
003252
003253
003254
003255
003256
003257
003258
003259
003262
003264
003265
003267
003268
003270
003272
003274
003275
003276
003277
003281
003283
003284
003285
003286
003288
003290
003291
003292
003294
003295
003297
003298
003300
003301
003302
003304
003305
003306
003308
003309
003313
003314
003317
003319
003320
003321
003322
003323
003325
003326
003327
003328
003329
003330
003331
003332
003333
003334
003337
003343
003344
003346
003347
003348
003350
003351
003353
003354
003358
003359
003361
003362
003363
003365
003366
003367
003369
003370
003371
003372
003373
003375
003376
003377
003378
003379
003380
003381
003382
003383
003386
003388
003389
003390
003391
003392
003395
003396
003398
003399
003402
003403
003404
003405
003406
003407
003409
003411
003412
003413
003414
003415
003416
003417
003418
003419
003420
003421
003422
003424
003425
003427
003428
003429
003430
003431
003432
003433
003434
003435
003436
003438
003439
003440
003441
003442
003443
003444
003445
003446
003447
003448
003449
003450
003451
003453
003455
003456
003457
003459
003460
003461
003463
003464
003465
003466
003467
003468
003469
003470
003471
003472
003473
003475
003476
003477
003478
003479
003480
003481
003482
003484
003485
003486
003490
003491
003492
003493
003494
003495
003496
003498
003499
003501
003502
003503
003505
003506
003507
003508
003509
003510
003511
003513
003514
003516
003518
003519
003520
003521
003522
003524
003525
003526
003529
003532
003533
003535
003536
003537
003538
003539
003540
003541
003543
003544
003545
003546
003547
003548
003549
003552
003553
003554
003555
003557
003558
003559
003561
003562
003564
003565
003566
003567
003568
003569
003571
003572
003573
003574
003575
003578
003579
003580
003581
003582
003583
003585
003586
003587
003588
003589
003590
003592
003594
003596
003597
003598
003599
003600
003601
003602
003603
003604
003605
003606
003609
003610
003611
003614
003615
003618
003619
003620
003621
003626
003627
003628
003629
003630
003631
003633
003634
003635
003636
003637
003638
003639
003641
003642
003643
003644
003647
003651
003653
003654
003657
003660
003662
003663
003665
003667
003668
003669
003671
003672
003673
003675
003676
003678
003679
003683
003684
003685
003686
003687
003690
003691
003692
003694
003696
003698
003699
003700
003701
003702
003705
003706
003708
003710
003711
003712
003713
003714
003717
003718
003719
003720
003722
003723
003724
003725
003726
003727
003728
003729
003731
003732
003733
003734
003735
003736
003737
003738
003740
003742
003744
003745
003747
003749
003750
003751
003752
003753
003754
003757
003758
003760
003761
003762
003763
003766
003768
003769
003770
003772
003773
003774
003776
003778
003780
003781
003785
003786
003787
003788
003789
003791
003793
003795
003800
003801
003802
003806
003807
003808
003809
003810
003815
003816
003817
003818
003820
003822
003824
003825
003827
003829
003830
003833
003834
003835
003836
003837
003838
003840
003841
003842
003843
003844
003845
003846
003847
003849
003850
003851
003853
003854
003856
003857
003859
003860
003863
003864
003865
003867
003868
003869
003870
003871
003874
003875
003876
003877
003879
003881
003886
003888
003889
003890
003891
003893
003894
003895
003896
003897
003898
003899
003900
003903
003905
003907
003908
003909
003911
003913
003914
003915
003916
003921
003922
003925
003927
003928
003929
003930
003931
003932
003933
003934
003936
003937
003939
003940
003941
003942
003943
003946
003947
003948
003950
003951
003952
003953
003954
003956
003957
003958
003960
003962
003966
003967
003968
003971
003972
003973
003974
003975
003976
003977
003978
003979
003980
003981
003982
003983
003984
003987
003988
003990
003991
003992
003993
003995
003996
003997
003998
003999
004001
004002
004003
004004
004005
004006
004007
004008
004010
004011
004012
004015
004020
004021
004022
004023
004024
004026
004027
004028
004030
004031
004032
004033
004036
004038
004039
004040
004041
004042
004043
004044
004045
004046
004047
004048
004049
004051
004054
004055
004056
004058
004059
004060
004062
004064
004065
004066
004069
004071
004073
004074
004076
004077
004078
004079
004080
004081
004082
004083
004084
004087
004088
004090
004094
004095
004096
004097
004098
004099
004100
004101
004104
004105
004106
004109
004111
004112
004113
004114
004115
004116
004117
004118
004119
004121
004122
004123
004124
004126
004127
004128
004129
004130
004131
004133
004135
004136
004137
004138
004140
004143
004144
004146
004147
004148
004152
004153
004155
004156
004159
004160
004161
004162
004163
004164
004165
004166
004167
004168
004170
004171
004172
004173
004175
004177
004178
004184
004185
004186
004187
004189
004190
004192
004193
004194
004195
004197
004199
004200
004201
004206
004208
004209
004210
004212
004213
004215
004218
004219
004221
004222
004224
004228
004230
004231
004232
004234
004236
004237
004239
004240
004242
004244
004245
004246
004247
004248
004249
004250
004251
004253
004254
004255
004256
004257
004258
004261
004262
004264
004266
004267
004268
004270
004271
004272
004273
004274
004275
004276
004277
004278
004279
004280
004283
004284
004285
004286
004289
004290
004291
004292
004293
004297
004299
004300
004301
004302
004303
004304
004305
004307
004309
004311
004312
004316
004317
004318
004319
004320
004321
004323
004326
004327
004328
004330
004331
004332
004333
004334
004335
004336
004337
004338
004339
004340
004341
004342
004344
004345
004347
004348
004349
004350
004352
004354
004358
004359
004360
004361
004362
004363
004365
004367
004368
004369
004370
004372
004373
004375
004376
004377
004378
004379
004380
004381
004382
004385
004386
004387
004389
004390
004392
004394
004395
004396
004399
004400
004402
004403
004404
004405
004407
004408
004409
004410
004411
004412
004414
004415
004416
004417
004420
004422
004424
004426
004427
004428
004430
004431
004432
004434
004437
004438
004439
004442
004445
004447
004450
004451
004452
004453
004454
004455
004456
004458
004459
004460
004461
004464
004465
004466
004468
004471
004472
004473
004474
004475
004478
004479
004481
004487
004488
004489
004490
004492
004493
004494
004495
004499
004501
004502
004503
004504
004505
004506
004508
004510
004511
004512
004513
004514
004515
004516
004518
004519
004520
004521
004522
004525
004527
004528
004529
004530
004531
004533
004535
004536
004539
004543
004544
004545
004546
004547
004549
004550
004551
004553
004554
004555
004556
004557
004559
004560
004561
004562
004563
004567
004568
004569
004570
004571
004573
004574
004576
004578
004579
004581
004582
004583
004585
004586
004587
004588
004589
004590
004592
004594
004595
004597
004600
004601
004602
004603
004605
004606
004608
004609
004610
004611
004612
004613
004616
004617
004618
004620
004621
004622
004623
004624
004625
004626
004627
004629
004630
004631
004632
004633
004634
004635
004638
004639
004640
004641
004642
004643
004644
004645
004646
004647
004649
004651
004653
004654
004655
004656
004657
004658
004659
004660
004661
004662
004668
004670
004671
004672
004674
004675
004676
004677
004678
004679
004680
004681
004682
004684
004685
004686
004687
004689
004690
004691
004692
004693
004694
004695
004696
004697
004699
004701
004702
004703
004704
004708
004709
004711
004712
004713
004714
004716
004720
004721
004722
004726
004728
004732
004733
004734
004735
004736
004738
004739
004740
004741
004742
004745
004746
004747
004751
004754
004756
004757
004760
004761
004762
004764
004765
004768
004770
004772
004774
004775
004778
004779
004781
004785
004787
004788
004789
004790
004791
004793
004794
004795
004797
004798
004804
004805
004806
004807
004808
004809
004810
004813
004815
004817
004818
004820
004821
004822
004824
004826
004828
004829
004830
004831
004832
004833
004834
004836
004837
004838
004839
004840
004841
004842
004843
004844
004845
004846
004848
004849
004850
004851
004855
004856
004857
004860
004861
004862
004863
004865
004866
004869
004870
004872
004873
004874
004875
004876
004877
004878
004879
004880
004882
004883
004884
004885
004886
004887
004889
004890
004891
004896
004897
004899
004900
004901
004902
004903
004904
004905
004906
004907
004908
004910
004911
004912
004913
004917
004918
004919
004920
004922
004925
004926
004927
004928
004930
004932
004933
004936
004937
004938
004939
004940
004941
004942
004943
004946
004948
004949
004951
004952
004953
004955
004956
004958
004959
004960
004962
004963
004965
004966
004967
004968
004969
004970
004971
004972
004973
004974
004975
004977
004978
004980
004981
004983
004984
004985
004986
004987
004988
004991
004992
004993
004994
004995
004996
004997
004998
004999
005000
005001
005002
005003
005004
005007
005009
005010
005012
005013
005014
005015
005017
005018
005019
005020
005021
005022
005025
005027
005028
005029
005031
005032
005034
005035
005038
005039
005040
005046
005047
005050
005051
005053
005054
005055
005056
005058
005061
005062
005063
005064
005065
005066
005067
005068
005070
005072
005073
005075
005077
005080
005083
005085
005086
005087
005089
005090
005091
005093
005094
005095
005096
005097
005098
005099
005100
005102
005103
005104
005105
005107
005108
005109
005111
005112
005113
005114
005116
005117
005119
005121
005123
005124
005126
005128
005129
005130
005132
005133
005134
005136
005137
005138
005139
005140
005142
005143
005144
005146
005147
005148
005150
005151
005152
005154
005155
005156
005157
005158
005160
005161
005162
005163
005164
005168
005170
005171
005172
005173
005174
005177
005178
005179
005180
005181
005184
005188
005189
005190
005191
005193
005195
005196
005197
005199
005200
005201
005202
005203
005206
005207
005210
005213
005215
005216
005217
005219
005220
005221
005224
005226
005230
005232
005233
005234
005236
005237
005240
005241
005243
005244
005245
005247
005248
005249
005251
005253
005254
005255
005256
005257
005258
005259
005260
005261
005262
005263
005264
005265
005266
005268
005271
005275
005276
005277
005279
005280
005282
005283
005284
005285
005287
005288
005289
005291
005292
005293
005294
005295
005297
005298
005300
005302
005303
005306
005309
005311
005312
005313
005315
005316
005317
005319
005320
005321
005323
005325
005329
005330
005332
005333
005334
005335
005336
005337
005338
005339
005340
005341
005343
005344
005345
005347
005348
005349
005354
005355
005356
005357
005358
005359
005363
005364
005365
005366
005367
005368
005369
005370
005371
005372
005374
005375
005377
005378
005380
005382
005383
005384
005385
005386
005389
005390
005391
005392
005393
005395
005396
005397
005398
005400
005401
005402
005403
005405
005406
005407
005408
005410
005411
005412
005414
005415
005416
005417
005419
005421
005422
005423
005425
005429
005431
005432
005438
005439
005441
005442
005444
005445
005446
005448
005449
005451
005452
005454
005455
005456
005457
005458
005459
005460
005463
005465
005466
005467
005468
005469
005470
005471
005472
005473
005474
005475
005476
005477
005478
005480
005481
005483
005484
005485
005486
005487
005488
005490
005491
005492
005493
005494
005496
005497
005500
005502
005503
005505
005507
005508
005509
005510
005511
005512
005514
005515
005516
005518
005519
005520
005522
005523
005524
005525
005526
005527
005528
005529
005530
005531
005532
005533
005536
005538
005539
005541
005542
005547
005548
005549
005550
005551
005552
005554
005555
005556
005557
005558
005560
005561
005562
005563
005564
005565
005566
005567
005569
005570
005571
005572
005573
005575
005577
005579
005580
005582
005583
005584
005586
005588
005592
005593
005595
005596
005598
005600
005601
005602
005604
005605
005606
005608
005609
005610
005611
005613
005615
005616
005619
005620
005621
005622
005624
005625
005629
005630
005631
005632
005634
005635
005637
005638
005639
005640
005641
005642
005644
005645
005646
005647
005651
005653
005655
005657
005658
005659
005660
005661
005663
005664
005665
005666
005667
005668
005669
005670
005671
005672
005673
005675
005676
005677
005680
005681
005682
005683
005684
005685
005689
005690
005691
005692
005693
005694
005695
005698
005699
005701
005704
005705
005706
005707
005708
005709
005712
005713
005714
005715
005716
005717
005718
005719
005720
005722
005723
005724
005725
005726
005727
005730
005732
005735
005736
005737
005739
005740
005741
005742
005743
005744
005746
005748
005749
005751
005752
005755
005756
005757
005758
005762
005763
005764
005765
005766
005768
005769
005770
005771
005772
005773
005774
005775
005776
005779
005780
005782
005783
005786
005788
005789
005790
005791
005792
005793
005794
005796
005800
005802
005803
005805
005807
005808
005809
005811
005812
005815
005816
005817
005818
005819
005820
005821
005822
005823
005825
005826
005827
005828
005829
005830
005831
005832
005836
005837
005838
005839
005840
005842
005843
005845
005847
005848
005849
005850
005851
005854
005855
005856
005859
005860
005861
005862
005865
005866
005868
005869
005870
005871
005872
005873
005874
005877
005878
005880
005884
005885
005886
005887
005888
005890
005891
005893
005894
005895
005896
005897
005899
005901
005902
005903
005905
005906
005907
005908
005910
005911
005913
005915
005916
005917
005919
005920
005921
005925
005926
005927
005928
005931
005932
005933
005934
005936
005938
005941
005942
005943
005944
005946
005947
005948
005949
005950
005951
005952
005953
005954
005955
005956
005957
005958
005959
005962
005963
005964
005966
005967
005970
005972
005973
005974
005976
005979
005981
005982
005983
005984
005985
005986
005987
005990
005992
005993
005994
005995
005996
005997
005998
006000
006002
006003
006004
006007
006008
006009
006010
006011
006014
006015
006016
006018
006019
006020
006021
006023
006024
006025
006026
006027
006029
006030
006031
006032
006034
006035
006036
006037
006039
006041
006042
006044
006045
006046
006047
006049
006050
006051
006052
006053
006054
006055
006056
006058
006059
006060
006062
006063
006064
006065
006067
006069
006071
006072
006073
006074
006075
006076
006077
006079
006084
006085
006086
006088
006089
006090
006091
006092
006094
006095
006096
006099
006100
006101
006103
006104
006105
006106
006107
006108
006109
006110
006111
006112
006113
006116
006117
006118
006119
006121
006123
006124
006125
006126
006127
006129
006130
006132
006133
006134
006139
006141
006142
006143
006146
006147
006148
006149
006150
006152
006153
006155
006157
006158
006160
006161
006163
006164
006165
006166
006170
006171
006173
006175
006176
006178
006180
006181
006183
006184
006186
006187
006190
006192
006193
006194
006196
006197
006199
006200
006201
006202
006203
006204
006205
006206
006207
006208
006209
006211
006212
006213
006214
006215
006217
006218
006219
006221
006222
006223
006224
006225
006227
006229
006231
006232
006234
006235
006236
006237
006238
006239
006241
006242
006245
006246
006247
006248
006249
006250
006252
006254
006255
006258
006259
006260
006261
006262
006263
006264
006266
006267
006268
006269
006270
006273
006274
006276
006277
006278
006279
006280
006281
006282
006283
006284
006286
006287
006288
006290
006291
006293
006294
006295
006297
006298
006299
006300
006301
006302
006303
006304
006305
006306
006307
006310
006313
006318
006319
006320
006322
006324
006326
006327
006328
006329
006330
006332
006333
006336
006337
006338
006340
006341
006344
006345
006346
006347
006349
006350
006351
006353
006357
006358
006361
006362
006363
006364
006365
006367
006368
006369
006370
006371
006372
006373
006374
006375
006376
006379
006382
006383
006384
006385
006386
006387
006388
006389
006390
006391
006392
006395
006397
006400
006403
006404
006405
006407
006408
006409
006410
006411
006414
006415
006416
006417
006418
006419
006420
006421
006422
006423
006425
006427
006428
006429
006430
006431
006432
006434
006435
006436
006438
006440
006441
006442
006444
006445
006448
006453
006454
006456
006457
006458
006459
006460
006462
006463
006464
006465
006467
006468
006469
006470
006472
006473
006475
006477
006478
006479
006481
006482
006483
006484
006485
006487
006488
006489
006492
006494
006495
006496
006497
006498
006499
006501
006503
006504
006506
006507
006508
006509
006510
006512
006513
006515
006516
006517
006518
006519
006520
006521
006522
006525
006526
006527
006528
006530
006533
006535
006537
006538
006539
006540
006541
006542
006544
006545
006546
006550
006551
006552
006553
006554
006555
006556
006557
006559
006560
006561
006563
006565
006566
006567
006568
006569
006570
006571
006572
006574
006575
006576
006577
006578
006579
006580
006581
006583
006584
006585
006586
006588
006589
006591
006592
006593
006594
006595
006596
006597
006598
006599
006600
006601
006602
006603
006605
006606
006610
006611
006612
006613
006614
006615
006616
006617
006618
006619
006621
006622
006624
006626
006627
006628
006629
006632
006633
006636
006639
006640
006641
006643
006645
006646
006648
006649
006650
006651
006654
006655
006656
006657
006658
006660
006661
006664
006666
006668
006671
006672
006673
006675
006676
006678
006679
006680
006681
006682
006684
006689
006691
006692
006693
006697
006698
006699
006700
006701
006702
006703
006704
006705
006706
006707
006708
006710
006711
006713
006714
006715
006717
006720
006721
006722
006724
006725
006727
006730
006731
006732
006733
006734
006735
006737
006738
006740
006744
006745
006746
006747
006748
006750
006752
006754
006755
006756
006757
006759
006760
006761
006762
006764
006766
006768
006769
006770
006771
006773
006774
006775
006778
006779
006780
006782
006784
006786
006787
006788
006789
006792
006793
006794
006795
006798
006799
006800
006801
006802
006805
006806
006807
006808
006810
006813
006814
006815
006817
006818
006819
006820
006821
006822
006826
006827
006828
006830
006831
006833
006835
006836
006837
006838
006840
006841
006842
006843
006844
006845
006846
006848
006850
006852
006853
006854
006855
006856
006857
006859
006860
006861
006862
006864
006865
006866
006870
006871
006872
006873
006874
006875
006876
006877
006878
006879
006880
006881
006882
006883
006885
006886
006890
006891
006892
006893
006894
006896
006897
006899
006900
006901
006902
006903
006904
006905
006906
006907
006908
006910
006911
006912
006913
006915
006917
006919
006920
006921
006923
006925
006926
006927
006929
006930
006931
006932
006933
006934
006936
006937
006938
006939
006940
006941
006942
006943
006944
006945
006946
006947
006948
006949
006950
006951
006952
006953
006959
006961
006964
006965
006966
006968
006973
006974
006975
006976
006978
006979
006980
006981
006984
006987
006988
006990
006992
006994
006998
006999
007000
007001
007002
007004
007005
007006
007007
007009
007010
007011
007013
007016
007018
007019
007021
007022
007023
007025
007026
007027
007029
007030
007034
007035
007036
007037
007038
007039
007041
007042
007043
007048
007049
007050
007051
007052
007053
007054
007056
007057
007058
007060
007061
007062
007063
007066
007068
007070
007071
007072
007073
007074
007075
007076
007077
007078
007079
007080
007081
007083
007084
007086
007087
007088
007089
007090
007091
007094
007095
007096
007097
007098
007099
007100
007101
007102
007105
007107
007108
007110
007111
007112
007113
007114
007115
007116
007117
007118
007120
007122
007123
007124
007125
007129
007130
007131
007132
007133
007134
007136
007138
007139
007143
007144
007145
007146
007148
007150
007151
007152
007153
007154
007156
007157
007158
007164
007166
007168
007170
007172
007173
007174
007175
007177
007178
007179
007180
007181
007182
007186
007187
007188
007189
007190
007191
007193
007195
007196
007198
007199
007200
007201
007202
007204
007205
007206
007208
007209
007210
007211
007213
007214
007216
007217
007218
007219
007220
007221
007222
007224
007226
007227
007228
007231
007233
007234
007236
007237
007239
007240
007241
007242
007243
007244
007245
007246
007248
007249
007250
007251
007252
007256
007257
007258
007261
007263
007264
007265
007266
007269
007271
007275
007276
007278
007279
007282
007283
007284
007285
007286
007289
007290
007293
007294
007297
007300
007301
007304
007305
007306
007307
007308
007309
007312
007313
007314
007316
007317
007318
007319
007323
007324
007326
007327
007329
007330
007331
007333
007334
007335
007336
007338
007339
007344
007345
007346
007348
007349
007350
007351
007352
007353
007354
007355
007358
007359
007365
007366
007370
007371
007375
007377
007378
007380
007381
007382
007383
007384
007385
007386
007388
007389
007390
007392
007393
007394
007396
007398
007399
007400
007401
007402
007403
007404
007405
007406
007407
007408
007409
007410
007411
007412
007413
007415
007416
007417
007420
007422
007423
007424
007425
007426
007427
007428
007432
007433
007435
007436
007437
007438
007439
007440
007441
007442
007445
007447
007449
007450
007451
007452
007453
007454
007455
007456
007457
007458
007460
007462
007463
007464
007466
007467
007468
007470
007471
007472
007473
007475
007476
007477
007479
007480